1329ca043ea307f94728fa1b346a8d74fe9b6792
790	6667	2497	4739	
852	209	4739	
5615	6939	4739	
8551	3303	4739	
8737	3303	4739	
10139	9299	2914	4739	
12542	209	4739	
25019	39386	1239	4739	
852	3320	2129	719	790	
4739	6667	719	790	
5615	6667	719	790	
8551	2129	719	790	
8737	6667	719	790	
10139	9299	6667	719	790	
12542	30798	719	790	
25019	39386	2129	719	790	
790	2129	702	8551	
852	3257	8551	
4739	3303	8551	
5615	3257	8551	
8737	3257	8551	
10139	9299	3491	8551	
12542	174	3	8551	
25019	39386	3257	8551	
790	3320	852	
4739	209	852	
5615	174	852	
8551	3257	852	
8737	3257	852	
10139	9299	2516	852	
12542	174	852	
25019	39386	174	852	
790	6667	286	8737	
852	3257	8737	
4739	3303	8737	
5615	286	8737	
8551	3257	8737	
10139	9299	6939	8737	
12542	286	8737	
25019	39386	3257	8737	
790	30798	174	12542	
852	174	12542	
4739	209	174	12542	
5615	174	12542	
8551	174	12542	
8737	286	174	12542	
10139	9299	6453	12542	
25019	39386	174	12542	
790	39386	25019	
852	39386	25019	
4739	39386	25019	
5615	39386	25019	
8551	39386	25019	
8737	39386	25019	
10139	39386	25019	
12542	39386	25019	
790	9299	10139	
852	9299	10139	
4739	9299	10139	
5615	9299	10139	
8551	9299	10139	
8737	9299	10139	
12542	9299	10139	
25019	39386	9299	10139	
790	6667	286	5615	
852	174	5615	
4739	6939	5615	
8551	3257	5615	
8737	286	5615	
10139	9299	6939	5615	
12542	174	5615	
25019	39386	174	5615	

