0442e25ff09d6205b618ee5c1387bf4aa237daf3
577	209	
812	174	209	
855	174	209	
3243	8657	174	209	
4775	174	209	
11427	14010	209	
29518	174	209	
209	577	
812	174	577	
855	577	
3243	8657	174	577	
4775	174	577	
11427	4232	174	577	
29518	174	577	
209	174	29518	
577	174	29518	
812	174	29518	
855	174	29518	
3243	8657	174	29518	
4775	174	29518	
11427	4232	174	29518	
209	174	812	
577	174	812	
855	174	812	
3243	8657	174	812	
4775	174	812	
11427	7843	812	
29518	174	812	
209	174	855	
577	855	
812	174	855	
3243	8657	174	855	
4775	174	855	
11427	4232	174	855	
29518	174	855	
209	8657	3243	
577	8657	3243	
812	8657	3243	
855	8657	3243	
4775	8657	3243	
11427	8657	3243	
29518	8657	3243	
209	14010	11427	
577	4232	11427	
812	7843	11427	
855	4232	11427	
3243	8657	4232	11427	
4775	4232	11427	
29518	4232	11427	
209	174	4775	
577	174	4775	
812	174	4775	
855	174	4775	
3243	8657	174	4775	
11427	4232	174	4775	
29518	174	4775	
209	8657	3243	
577	8657	3243	
812	8657	3243	
855	8657	3243	
4775	8657	3243	
11427	8657	3243	
29518	8657	3243	
209	174	812	
577	174	812	
855	174	812	
3243	8657	174	812	
4775	174	812	
11427	7843	812	
29518	174	812	

